0 0 0 7 0 0 0 0 0
1 0 0 0 0 0 0 0 0
0 0 0 4 3 0 2 0 0
0 0 0 0 0 0 0 0 6
0 0 0 5 0 9 0 0 0
0 0 0 0 0 0 4 1 8
0 0 0 0 8 1 0 0 0
0 0 2 0 0 0 0 5 0
0 4 0 0 0 0 3 0 0

0 0 3 0 0 0 0 4 0
0 5 0 0 0 0 2 0 0
0 0 0 1 8 0 0 0 0
8 1 4 0 0 0 0 0 0
0 0 0 9 0 5 0 0 0
6 0 0 0 0 0 0 0 0
0 0 2 0 3 4 0 0 0
0 0 0 0 0 0 0 0 1
0 0 0 0 0 7 0 0 0

0 0 7 0 0 0 0 0 0
0 0 0 0 0 1 0 0 0
0 3 4 0 0 0 0 0 2
0 0 0 0 0 0 6 0 0
9 0 5 0 0 0 0 0 0
0 0 0 0 0 0 8 1 4
1 8 0 0 0 0 0 0 0
0 0 0 2 0 0 0 5 0
0 0 0 0 4 0 0 0 3

1 0 0 0 0 0 0 0 0
0 6 5 9 0 0 0 0 0
0 0 0 0 7 0 9 8 0
0 5 0 0 0 0 0 0 0
3 2 1 5 0 0 0 0 0
0 0 0 0 0 0 0 4 6
0 7 6 0 0 0 0 0 5
0 0 0 0 8 0 0 9 0
0 0 0 4 0 0 0 0 0

1 0 0 0 0 0 0 0 0
0 6 5 9 0 0 0 0 0
0 0 0 0 7 0 9 8 0
0 5 0 0 0 0 0 0 0
3 2 1 5 0 0 0 0 0
0 0 0 0 0 0 0 4 6
0 7 6 0 0 0 0 0 5
0 0 0 0 8 0 0 3 0
0 0 0 4 0 0 0 0 0

0 1 8 7 0 0 0 3 0
0 0 0 0 9 0 0 0 5
0 0 0 4 0 0 0 0 0
4 0 0 2 0 0 0 0 6
0 0 0 0 0 3 0 1 0
1 0 0 0 0 6 5 0 0
0 0 0 0 0 1 0 8 0
2 0 0 9 0 0 0 0 0
0 0 7 0 0 0 3 0 0

0 6 7 0 0 0 0 0 0
0 3 0 0 0 0 0 0 2
0 0 0 5 4 3 0 0 0
0 0 0 0 0 0 0 8 0
0 0 0 0 0 0 3 0 4
0 0 9 4 0 2 0 0 7
3 1 0 0 0 0 0 7 0
0 0 0 9 0 0 2 0 0
0 7 8 0 0 0 0 0 0

0 0 0 0 0 9 0 0 0
2 3 0 0 0 0 0 1 0
0 0 0 0 4 0 5 0 0
0 5 6 0 0 0 1 0 0
0 0 0 0 0 2 0 0 0
0 0 0 4 0 0 0 9 8
0 0 0 0 0 0 3 5 0
0 0 0 3 0 0 6 8 7
0 4 5 0 0 0 0 0 0

0 9 1 0 0 0 0 8 0
0 0 0 6 7 8 0 0 0
0 0 0 0 0 0 0 5 0
0 0 8 0 0 0 4 0 0
3 0 0 0 5 6 0 0 0
6 0 0 7 0 0 0 0 0
0 0 9 2 3 4 0 0 0
7 5 0 0 9 0 0 0 0
0 0 0 0 0 0 0 0 0

0 0 0 0 0 5 0 0 0
0 0 0 3 0 2 5 0 7
6 0 0 0 1 0 0 0 0
0 0 0 0 6 0 0 8 0
5 4 0 0 0 7 0 0 0
0 7 9 0 0 0 4 0 0
1 0 0 0 0 0 0 0 0
0 0 0 0 0 0 3 0 5
0 0 0 7 8 6 0 0 0

0 0 0 0 0 0 0 0 0
0 0 0 0 0 0 2 4 3
8 9 1 0 0 0 0 0 0
0 0 0 3 2 0 0 6 0
1 0 0 0 0 0 0 0 0
4 5 0 0 0 7 0 3 0
0 4 5 0 0 6 0 0 0
9 0 2 5 0 0 0 0 7
0 0 0 0 0 0 0 0 0

0 0 3 0 0 0 0 5 0
0 0 0 6 0 0 0 0 1
0 4 0 0 2 0 0 0 0
0 0 0 0 0 0 0 0 6
0 0 8 0 0 0 0 1 9
0 9 2 8 7 0 0 0 0
6 5 0 0 0 0 0 0 0
0 0 0 7 0 0 0 3 0
0 0 4 0 0 8 7 0 0

7 0 0 2 0 0 1 8 9
4 2 3 0 0 0 0 0 0
0 0 0 0 0 0 0 0 0
0 0 0 0 0 0 0 6 7
0 0 0 0 0 0 5 0 0
8 0 0 3 4 0 0 0 0
0 0 0 7 0 0 0 0 0
0 0 8 0 5 6 0 0 0
0 4 5 0 0 0 9 0 0

4 0 0 6 0 8 0 0 0
0 0 0 0 0 0 0 0 0
0 2 9 0 0 0 7 0 0
0 0 0 0 0 0 2 0 0
8 9 7 0 0 3 0 0 0
0 3 1 0 0 0 0 0 7
0 0 0 2 0 4 0 0 0
3 0 0 5 0 0 0 1 8
0 0 0 0 9 0 0 0 0

0 0 0 0 8 9 0 4 5
0 0 0 0 5 0 0 0 0
6 0 0 1 0 3 0 0 0
0 0 0 0 0 0 2 0 0
0 0 1 6 0 0 0 0 0
5 3 0 0 0 2 0 0 7
0 0 0 0 0 0 0 5 0
0 0 0 0 0 0 4 0 3
7 0 6 2 0 0 0 0 0

0 6 0 4 0 3 0 2 0
2 0 1 0 0 0 0 5 0
0 0 0 0 0 9 0 0 0
0 0 0 0 0 0 3 0 2
0 5 0 0 4 0 0 0 0
0 0 3 0 0 0 6 7 0
0 0 0 5 0 0 0 3 1
6 4 0 0 0 0 8 0 0
0 0 0 0 0 0 0 0 0

0 5 0 0 0 0 0 1 0
0 0 0 6 0 4 0 0 0
9 0 0 0 2 0 0 0 0
2 1 9 5 0 0 0 0 0
0 0 0 0 0 0 0 0 0
8 0 6 0 0 0 0 3 4
0 0 0 0 0 0 7 0 0
0 3 0 0 0 0 0 8 0
0 0 0 1 9 8 0 2 0

0 0 0 5 0 6 1 0 0
3 0 0 0 0 0 0 0 0
0 0 4 0 0 0 0 8 0
0 9 8 0 5 7 0 0 0
0 0 0 0 0 0 0 9 1
0 0 0 0 8 0 0 6 0
2 0 0 0 0 0 3 0 5
0 0 0 1 9 0 0 0 0
0 7 0 0 0 0 0 0 2

6 8 7 0 0 0 0 0 9
0 0 0 1 0 2 0 0 0
9 0 0 0 0 0 0 0 0
7 9 0 0 0 0 0 0 0
0 0 2 0 0 9 0 0 0
0 0 0 0 1 3 0 8 0
0 0 3 0 0 1 0 0 0
8 0 0 6 0 0 0 0 0
0 0 0 0 2 4 1 0 0

0 0 0 0 0 0 8 9 1
0 0 0 0 0 0 0 0 0
0 0 0 5 6 7 0 0 0
1 0 0 6 0 0 0 0 5
0 0 3 0 1 2 0 0 0
7 0 0 0 0 0 0 0 0
8 0 0 4 5 0 0 0 0
0 3 0 0 0 0 0 5 0
0 0 4 1 0 0 0 0 9

0 0 0 0 6 4 2 0 0
0 0 0 8 0 0 0 0 0
0 0 5 0 0 0 0 7 9
0 0 0 0 0 9 0 0 0
0 0 0 0 0 0 4 0 5
8 6 7 0 0 0 0 0 0
0 0 3 9 1 0 0 0 0
7 5 0 0 0 0 9 8 0
0 8 0 0 0 0 0 0 0

6 7 0 0 0 0 8 0 0
0 0 0 5 0 0 0 3 0
3 0 0 0 0 1 0 0 0
0 0 0 0 4 0 9 0 0
1 0 0 6 0 8 0 0 0
0 5 3 0 0 0 0 7 0
8 9 0 0 0 0 1 0 0
0 0 0 0 0 3 0 0 0
0 0 0 7 0 0 0 5 0
